Claims
4
3
19
4
1
1
1
6
1
2
3
25
2
3
2
31
1
5
362
3
60
6
2
1
39
4
1
3
10
5
2
2
2
1
4
58
12
218
2
3
1
3
6
24
16
118
1
5
9
1
4
31
4
3
63
1
108
41
2
1
1
6
7
1
1
32
1
8
67
13
1
93
181
185
6
1
1
3
12
69
4
1
2
4
3
6
18
1
2
5
1
3
312
1
97
3
2
13
3
1
167
2
1
4
1
18
2
3
4
1
9
2
3
7
1
12
11
7
1
1
1
4
2
4
1
122
1
2
63
12
4
8
2
1
6
169
1
163
11
1
2
6
30
12
10
6
13
30
523
3
4
33
3
3
256
495
3
4
5
1
10
3
128
15
19
19
3
3
4
2
1
11
372
7
68
22
4
9
2
3
21
306
40
1
3
8
2
3
3
3
7
3
88
74
3
4
7
5
82
44
19
20
2
23
261
28
1
2
1
1
43
79
6
1
5
169
245
2
6
42
1
14
1
2
4
2
21
17
13
4
1
8
63
1
23
34
8
3
1
54
7
126
37
18
1
3
2
3
2
2
28
244
4
32
7
1
1
2
1
40
67
72
59
1
58
1
2
5
51
1
19
8
1
2
2
11
2
5
1
98
8
11
6
9
21
3
4
3
6
1
2
4
1
3
1
3
3
7